0,273
0,270
3,2
3,1
3,3
10,186
10,310
10,116
10,98
10,90
10,138
10,178
10,312
10,2
10,3
11,18
11,24
11,12
51,4
51,3
8,5
51,2
51,1
8,13
51,0
8,17
50,5
8,4
50,4
50,3
8,8
50,2
8,2
50,1
8,3
50,0
48,5
48,4
48,3
48,2
48,1
48,0
45,3
45,2
45,1
45,0
44,5
44,4
44,3
44,2
44,1
44,0
43,4
43,3
43,2
43,1
43,0
41,5
41,4
41,3
41,2
41,1
41,0
38,5
38,4
38,3
38,2
38,1
38,0
36,5
36,4
36,3
36,2
36,1
36,0
34,5
34,4
34,3
34,2
34,1
34,0
32,4
32,3
32,2
32,1
32,0
27,5
27,4
27,3
27,2
27,1
27,0
24,3
24,2
24,1
24,0
20,3
20,2
20,1
19,3
19,2
19,1
14,5
12,3
12,2
12,1
11,29
11,28
11,27
11,26
11,23
18,1
11,22
18,3
11,20
