10,80
10,18
10,242
10,112
10,110
10,276
10,108
9,6
9,4
9,2
9,3
8,4
8,13
8,5
8,12
8,2
8,3
59,3
59,2
59,1
59,0
58,4
58,3
58,2
58,1
58,0
57,5
57,4
57,3
57,2
57,1
57,0
56,4
56,3
56,2
56,1
56,0
54,5
54,4
54,3
54,2
54,1
54,0
51,5
51,4
51,3
51,2
51,1
51,0
49,5
49,4
49,3
49,2
49,1
49,0
40,5
40,1
37,3
37,1
20,3
20,2
20,1
19,3
19,2
19,1
12,3
12,2
12,1
11,29
11,28
11,27
11,26
11,25
11,24
11,23
11,22
11,21
11,20
11,19
11,18
11,17
11,16
11,15
11,14
11,13
18,1
11,12
18,3
11,11
11,10
11,9
11,8
14,1
11,7
14,3
11,6
11,5
13,1
11,4
13,3
11,3
11,2
11,1
10,291
10,289
10,263
